{
 "cells": [
  {
   "cell_type": "code",
   "execution_count": 1,
   "id": "dc41d43b",
   "metadata": {},
   "outputs": [
    {
     "name": "stderr",
     "output_type": "stream",
     "text": [
      "<frozen importlib._bootstrap>:228: RuntimeWarning: scipy._lib.messagestream.MessageStream size changed, may indicate binary incompatibility. Expected 56 from C header, got 64 from PyObject\n"
     ]
    }
   ],
   "source": [
    "import pandas as pd\n",
    "from sklearn.decomposition import TruncatedSVD\n",
    "from sklearn.preprocessing import OneHotEncoder\n",
    "from sklearn.metrics.pairwise import cosine_similarity\n",
    "from sklearn.model_selection import train_test_split\n",
    "from sklearn.model_selection import GridSearchCV\n",
    "from sklearn.pipeline import Pipeline\n",
    "import pickle\n",
    "from sklearn.metrics import accuracy_score, precision_score, recall_score, f1_score, mean_squared_error, make_scorer "
   ]
  },
  {
   "cell_type": "code",
   "execution_count": 2,
   "id": "6e772a3d",
   "metadata": {},
   "outputs": [],
   "source": [
    "\n",
    "# Load preprocessed dataset\n",
    "dataset = pd.read_csv('../preprocessing/combined_data_filled.csv')"
   ]
  },
  {
   "cell_type": "code",
   "execution_count": 3,
   "id": "50567255",
   "metadata": {},
   "outputs": [],
   "source": [
    "# Numeric variables for matrix factorization\n",
    "numeric_vars = ['Average Fee per semester in AUD', 'IELTS overall', 'IELTS reading', 'IELTS listening',\n",
    "                'IELTS writing', 'IELTS speaking', 'TOEFL IBT overall', 'TOEFL IBT listening',\n",
    "                'TOEFL IBT reading', 'TOEFL IBT speaking', 'TOEFL IBT writing', 'PTE overall',\n",
    "                'PTE speaking & writing', 'PTE reading', 'PTE listening', 'minimum IELTS overall',\n",
    "                'minimum TOEFL IBT overall', 'minimum PTE overall']"
   ]
  },
  {
   "cell_type": "code",
   "execution_count": 4,
   "id": "d5515293",
   "metadata": {},
   "outputs": [],
   "source": [
    "# Categorical variables for one-hot encoding\n",
    "categorical_vars = ['Uni Name', 'State']"
   ]
  },
  {
   "cell_type": "code",
   "execution_count": 5,
   "id": "2469f01a",
   "metadata": {},
   "outputs": [],
   "source": [
    "# Split dataset into train and test sets\n",
    "train_data, test_data = train_test_split(dataset, test_size=0.2, random_state=42)"
   ]
  },
  {
   "cell_type": "code",
   "execution_count": 6,
   "id": "a03d6a6b",
   "metadata": {},
   "outputs": [],
   "source": [
    "# Apply matrix factorization (SVD) on numeric variables\n",
    "numeric_svd = TruncatedSVD(n_components=18, random_state=42)\n",
    "numeric_factors = numeric_svd.fit_transform(train_data[numeric_vars])\n"
   ]
  },
  {
   "cell_type": "code",
   "execution_count": 7,
   "id": "706aae9d",
   "metadata": {
    "scrolled": true
   },
   "outputs": [
    {
     "name": "stderr",
     "output_type": "stream",
     "text": [
      "C:\\Users\\Asus\\anaconda3\\lib\\site-packages\\sklearn\\preprocessing\\_encoders.py:868: FutureWarning: `sparse` was renamed to `sparse_output` in version 1.2 and will be removed in 1.4. `sparse_output` is ignored unless you leave `sparse` to its default value.\n",
      "  warnings.warn(\n"
     ]
    }
   ],
   "source": [
    "# Apply one-hot encoding on categorical variables\n",
    "one_hot_encoder = OneHotEncoder(sparse=False, handle_unknown='ignore')\n",
    "categorical_factors = one_hot_encoder.fit_transform(train_data[categorical_vars])"
   ]
  },
  {
   "cell_type": "code",
   "execution_count": 8,
   "id": "f86e7531",
   "metadata": {},
   "outputs": [
    {
     "name": "stdout",
     "output_type": "stream",
     "text": [
      "              0          1          2          3          4          5   \\\n",
      "0   33400.365325 -12.515928  10.162114  -2.193213  -1.651234  -3.153555   \n",
      "1   30240.445880  10.646442   0.048547   1.200317  -1.500256   0.403903   \n",
      "2   33000.414959  -2.329283  -0.371086  -0.185715  -0.572725  -0.600111   \n",
      "3   31868.186373 -10.293545  -8.655096  -9.042144   2.359315   9.413422   \n",
      "4   32500.416748  -0.716724   0.709012   0.241605  -0.708053  -0.206635   \n",
      "5   31868.245444   0.806143   0.307084   3.240619  -6.093123  -0.965328   \n",
      "6   38432.340033 -30.581399   2.416424  -2.287110   1.361235  -1.842209   \n",
      "7   31868.279504   8.195445   4.218427   1.327226  -4.147975  -1.498575   \n",
      "8   26400.471523  24.930660   2.210618   4.155271  -5.742290   2.587574   \n",
      "9   41040.305919 -43.778544   3.128879  -3.426310   2.292660  -2.601621   \n",
      "10  33000.391201  -6.934714   3.069422   0.890432  -0.879020  -2.101262   \n",
      "11  31868.250656   2.403735   0.492167   0.485200  -0.905635  -0.068469   \n",
      "12  31868.207963  -5.447054  -2.623267  -6.837526   1.433180  -1.706492   \n",
      "13  24500.445959  28.181447  33.110978   4.931869  18.560949   4.237011   \n",
      "14  38310.405660 -17.263713  -5.313117 -11.274771   0.282279  -1.325552   \n",
      "15  20600.575775  60.682466  -4.138991   3.087463  -4.907423  -0.466472   \n",
      "16  31868.250947   2.456083   0.520408   0.507964  -0.931135  -0.040725   \n",
      "17  28500.420041   8.830641   8.344939   3.464244 -15.371321  10.542354   \n",
      "18  31065.607750  41.587958 -14.375225 -14.794063   9.183979   6.428626   \n",
      "19  31868.250656   2.403735   0.492167   0.485200  -0.905635  -0.068469   \n",
      "20  27600.463674  21.099898   1.906351  -0.445772  -4.852137  -2.363738   \n",
      "21  35500.378387 -15.741713   1.614865  -1.003100   0.300201  -0.992181   \n",
      "22  36832.360725 -22.526193   1.955894  -1.605056   0.803099  -1.401056   \n",
      "23  31868.248339   1.989869   0.725858   0.444679  -1.239292  -0.632507   \n",
      "24  31868.250915   2.451146   0.517085   0.506401  -0.932413  -0.044922   \n",
      "25  31868.251011   2.465958   0.527052   0.511090  -0.928578  -0.032332   \n",
      "26  25850.563259  45.203615 -17.919913   3.351934   6.274909  -8.610856   \n",
      "27  31868.307617  14.052577   5.478984   3.920722  -0.361973  -7.161647   \n",
      "28  31868.251011   2.465958   0.527052   0.511090  -0.928578  -0.032332   \n",
      "29  39100.364750 -30.933656 -21.626449  22.479250   8.420631   5.620584   \n",
      "\n",
      "          6         7         8         9   ...   26   27   28   29   30   31  \\\n",
      "0   5.242865  0.196658  1.135651  1.349034  ...  0.0  0.0  0.0  0.0  0.0  0.0   \n",
      "1   0.008763  0.111659 -0.479941  0.201173  ...  0.0  0.0  0.0  0.0  0.0  0.0   \n",
      "2  -1.113481 -0.390000 -0.638117 -0.185533  ...  0.0  0.0  0.0  0.0  0.0  0.0   \n",
      "3  -2.211832 -2.113957  0.936222  2.509462  ...  0.0  0.0  0.0  0.0  0.0  1.0   \n",
      "4  -0.198333 -0.316299 -0.366656  0.093045  ...  0.0  0.0  0.0  0.0  0.0  0.0   \n",
      "5  -1.319530  0.691598 -1.572662 -0.564839  ...  0.0  0.0  0.0  1.0  0.0  1.0   \n",
      "6  -0.683059 -1.486034 -0.098950 -0.375222  ...  0.0  0.0  0.0  0.0  0.0  0.0   \n",
      "7   0.616827 -1.007701  2.201267 -1.769643  ...  0.0  0.0  0.0  0.0  0.0  1.0   \n",
      "8   0.661395  2.472316 -1.898897  1.574162  ...  0.0  0.0  1.0  0.0  0.0  0.0   \n",
      "9  -0.767406 -2.039570 -0.109974 -1.022228  ...  0.0  0.0  0.0  0.0  1.0  0.0   \n",
      "10  0.303723  0.177326 -0.270896  0.763608  ...  0.0  0.0  0.0  0.0  0.0  0.0   \n",
      "11 -0.025387 -0.225005 -0.520142 -0.274759  ...  0.0  0.0  0.0  0.0  0.0  1.0   \n",
      "12 -3.114842  3.558659  3.494812  0.444671  ...  1.0  0.0  0.0  0.0  0.0  1.0   \n",
      "13 -2.018781  0.742044 -0.068607 -0.239909  ...  0.0  0.0  0.0  0.0  1.0  0.0   \n",
      "14 -0.878069  4.809873 -1.174400 -0.978939  ...  0.0  0.0  0.0  0.0  0.0  0.0   \n",
      "15 -1.295934 -0.458528  1.312225 -0.244517  ...  0.0  1.0  0.0  0.0  0.0  0.0   \n",
      "16 -0.131727 -0.203435 -0.402714  0.096098  ...  0.0  0.0  0.0  0.0  0.0  1.0   \n",
      "17 -0.643480 -0.632505  0.877160 -1.009152  ...  0.0  0.0  0.0  0.0  0.0  0.0   \n",
      "18  5.248589 -0.581896 -0.508775 -1.255224  ...  0.0  0.0  0.0  0.0  0.0  0.0   \n",
      "19 -0.025387 -0.225005 -0.520142 -0.274759  ...  0.0  0.0  0.0  0.0  0.0  1.0   \n",
      "20 -0.500967  0.893489  0.052473  0.173889  ...  0.0  0.0  0.0  0.0  0.0  0.0   \n",
      "21 -0.602984 -0.875517 -0.055126  0.412513  ...  0.0  0.0  0.0  0.0  0.0  0.0   \n",
      "22 -0.552317 -1.170529 -0.171156 -0.248920  ...  0.0  0.0  0.0  0.0  0.0  0.0   \n",
      "23 -0.521794 -1.053877 -1.151072  0.441350  ...  0.0  0.0  0.0  0.0  0.0  1.0   \n",
      "24 -0.124253 -0.209333 -0.406479  0.072674  ...  0.0  0.0  0.0  0.0  0.0  0.0   \n",
      "25 -0.146676 -0.191640 -0.395185  0.142948  ...  0.0  0.0  0.0  0.0  0.0  0.0   \n",
      "26 -3.823085 -1.668417 -0.123115  0.231783  ...  0.0  0.0  0.0  0.0  0.0  0.0   \n",
      "27  5.504593 -0.104271  0.918348  0.706635  ...  0.0  0.0  0.0  0.0  0.0  1.0   \n",
      "28 -0.146676 -0.191640 -0.395185  0.142948  ...  0.0  0.0  0.0  0.0  0.0  0.0   \n",
      "29  1.791343  1.516991  0.708132 -0.302544  ...  0.0  0.0  0.0  0.0  0.0  0.0   \n",
      "\n",
      "     32   33   34   35  \n",
      "0   0.0  1.0  0.0  0.0  \n",
      "1   1.0  0.0  0.0  0.0  \n",
      "2   1.0  0.0  0.0  0.0  \n",
      "3   0.0  0.0  0.0  0.0  \n",
      "4   1.0  0.0  0.0  0.0  \n",
      "5   0.0  0.0  0.0  0.0  \n",
      "6   1.0  0.0  0.0  0.0  \n",
      "7   0.0  0.0  0.0  0.0  \n",
      "8   0.0  0.0  1.0  0.0  \n",
      "9   0.0  0.0  0.0  0.0  \n",
      "10  0.0  0.0  1.0  0.0  \n",
      "11  0.0  0.0  0.0  0.0  \n",
      "12  0.0  0.0  0.0  0.0  \n",
      "13  0.0  0.0  0.0  0.0  \n",
      "14  0.0  0.0  0.0  1.0  \n",
      "15  1.0  0.0  0.0  0.0  \n",
      "16  0.0  0.0  0.0  0.0  \n",
      "17  0.0  0.0  1.0  0.0  \n",
      "18  0.0  0.0  0.0  1.0  \n",
      "19  0.0  0.0  0.0  0.0  \n",
      "20  0.0  0.0  0.0  1.0  \n",
      "21  0.0  1.0  0.0  0.0  \n",
      "22  0.0  0.0  1.0  0.0  \n",
      "23  0.0  0.0  0.0  0.0  \n",
      "24  0.0  1.0  0.0  0.0  \n",
      "25  1.0  0.0  0.0  0.0  \n",
      "26  1.0  0.0  0.0  0.0  \n",
      "27  0.0  0.0  0.0  0.0  \n",
      "28  1.0  0.0  0.0  0.0  \n",
      "29  0.0  0.0  1.0  0.0  \n",
      "\n",
      "[30 rows x 54 columns]\n"
     ]
    }
   ],
   "source": [
    "# Combine numeric and categorical factors\n",
    "combined_factors = pd.concat([pd.DataFrame(numeric_factors), pd.DataFrame(categorical_factors)], axis=1)\n",
    "print(combined_factors)"
   ]
  },
  {
   "cell_type": "code",
   "execution_count": 9,
   "id": "911aeaf8",
   "metadata": {},
   "outputs": [
    {
     "name": "stdout",
     "output_type": "stream",
     "text": [
      "[[1.         0.99999966 0.99999988 0.99999969 0.99999987 0.99999982\n",
      "  0.99999986 0.99999976 0.99999903 0.99999971 0.99999994 0.99999983\n",
      "  0.99999984 0.99999786 0.99999984 0.99999429 0.99999983 0.9999995\n",
      "  0.99999804 0.99999983 0.99999929 0.99999994 0.99999992 0.99999984\n",
      "  0.99999983 0.99999983 0.9999971  0.99999963 0.99999983 0.99999927]\n",
      " [0.99999966 1.         0.99999991 0.99999962 0.99999993 0.99999993\n",
      "  0.99999933 0.99999997 0.99999979 0.99999897 0.99999983 0.99999996\n",
      "  0.9999998  0.99999841 0.9999996  0.99999658 0.99999996 0.99999976\n",
      "  0.99999918 0.99999996 0.99999989 0.99999967 0.99999952 0.99999995\n",
      "  0.99999996 0.99999996 0.99999866 0.99999993 0.99999996 0.999999  ]\n",
      " [0.99999988 0.99999991 1.         0.99999983 1.         0.99999997\n",
      "  0.99999973 0.99999992 0.99999943 0.99999949 0.99999998 0.99999999\n",
      "  0.99999995 0.99999798 0.99999987 0.99999539 0.99999999 0.99999966\n",
      "  0.9999987  0.99999999 0.99999963 0.99999993 0.99999985 0.99999999\n",
      "  0.99999999 0.99999999 0.99999801 0.9999998  0.99999999 0.99999938]\n",
      " [0.99999969 0.99999962 0.99999983 1.         0.99999981 0.99999972\n",
      "  0.99999974 0.9999996  0.99999895 0.99999957 0.9999998  0.99999978\n",
      "  0.99999988 0.99999723 0.9999999  0.99999445 0.99999978 0.99999936\n",
      "  0.99999851 0.99999978 0.9999992  0.99999985 0.99999981 0.99999977\n",
      "  0.99999977 0.99999977 0.99999746 0.99999935 0.99999977 0.99999944]\n",
      " [0.99999987 0.99999993 1.         0.99999981 1.         0.99999997\n",
      "  0.99999969 0.99999994 0.99999948 0.99999944 0.99999998 0.99999999\n",
      "  0.99999993 0.99999808 0.99999984 0.99999553 0.99999999 0.99999969\n",
      "  0.99999875 0.99999999 0.99999967 0.99999991 0.99999982 0.99999999\n",
      "  0.99999999 0.99999999 0.99999807 0.99999983 0.99999999 0.99999933]\n",
      " [0.99999982 0.99999993 0.99999997 0.99999972 0.99999997 1.\n",
      "  0.99999962 0.99999995 0.99999955 0.99999935 0.99999995 0.99999998\n",
      "  0.99999988 0.99999799 0.99999977 0.9999957  0.99999998 0.99999977\n",
      "  0.99999869 0.99999998 0.99999971 0.99999986 0.99999976 0.99999998\n",
      "  0.99999998 0.99999998 0.99999811 0.99999984 0.99999998 0.99999929]\n",
      " [0.99999986 0.99999933 0.99999973 0.99999974 0.99999969 0.99999962\n",
      "  1.         0.99999942 0.9999984  0.99999996 0.99999982 0.99999961\n",
      "  0.99999976 0.99999695 0.99999988 0.9999929  0.99999961 0.99999909\n",
      "  0.99999741 0.99999961 0.99999875 0.99999993 0.99999998 0.99999962\n",
      "  0.99999961 0.99999961 0.99999639 0.99999917 0.99999961 0.99999957]\n",
      " [0.99999976 0.99999997 0.99999992 0.9999996  0.99999994 0.99999995\n",
      "  0.99999942 1.         0.99999971 0.99999909 0.99999988 0.99999996\n",
      "  0.99999981 0.99999841 0.99999963 0.99999631 0.99999996 0.99999981\n",
      "  0.99999896 0.99999996 0.99999986 0.99999973 0.9999996  0.99999996\n",
      "  0.99999996 0.99999996 0.99999841 0.99999994 0.99999996 0.99999899]\n",
      " [0.99999903 0.99999979 0.99999943 0.99999895 0.99999948 0.99999955\n",
      "  0.9999984  0.99999971 1.         0.99999788 0.99999929 0.99999958\n",
      "  0.99999922 0.99999868 0.99999886 0.99999792 0.99999958 0.99999967\n",
      "  0.99999941 0.99999958 0.99999994 0.99999897 0.99999872 0.99999956\n",
      "  0.99999958 0.99999958 0.99999914 0.99999977 0.99999958 0.9999981 ]\n",
      " [0.99999971 0.99999897 0.99999949 0.99999957 0.99999944 0.99999935\n",
      "  0.99999996 0.99999909 0.99999788 1.         0.99999962 0.99999933\n",
      "  0.99999955 0.99999641 0.99999975 0.99999183 0.99999933 0.99999873\n",
      "  0.9999968  0.99999933 0.99999829 0.9999998  0.99999989 0.99999935\n",
      "  0.99999933 0.99999933 0.99999565 0.9999988  0.99999933 0.99999951]\n",
      " [0.99999994 0.99999983 0.99999998 0.9999998  0.99999998 0.99999995\n",
      "  0.99999982 0.99999988 0.99999929 0.99999962 1.         0.99999995\n",
      "  0.99999993 0.99999792 0.99999988 0.99999494 0.99999995 0.99999961\n",
      "  0.99999841 0.99999995 0.99999951 0.99999997 0.99999991 0.99999996\n",
      "  0.99999995 0.99999995 0.99999768 0.99999975 0.99999995 0.99999942]\n",
      " [0.99999983 0.99999996 0.99999999 0.99999978 0.99999999 0.99999998\n",
      "  0.99999961 0.99999996 0.99999958 0.99999933 0.99999995 1.\n",
      "  0.99999991 0.99999818 0.99999979 0.99999582 1.         0.99999972\n",
      "  0.99999888 1.         0.99999974 0.99999986 0.99999976 1.\n",
      "  1.         1.         0.99999824 0.99999987 1.         0.99999926]\n",
      " [0.99999984 0.9999998  0.99999995 0.99999988 0.99999993 0.99999988\n",
      "  0.99999976 0.99999981 0.99999922 0.99999955 0.99999993 0.99999991\n",
      "  1.         0.99999772 0.99999994 0.99999501 0.99999991 0.99999948\n",
      "  0.99999863 0.99999991 0.99999949 0.99999992 0.99999986 0.99999991\n",
      "  0.99999991 0.99999991 0.99999783 0.99999966 0.99999991 0.99999933]\n",
      " [0.99999786 0.99999841 0.99999798 0.99999723 0.99999808 0.99999799\n",
      "  0.99999695 0.99999841 0.99999868 0.99999641 0.99999792 0.99999818\n",
      "  0.99999772 1.         0.99999717 0.99999666 0.99999818 0.99999822\n",
      "  0.99999796 0.99999818 0.9999986  0.99999754 0.99999728 0.99999816\n",
      "  0.99999818 0.99999819 0.99999746 0.99999864 0.99999819 0.99999607]\n",
      " [0.99999984 0.9999996  0.99999987 0.9999999  0.99999984 0.99999977\n",
      "  0.99999988 0.99999963 0.99999886 0.99999975 0.99999988 0.99999979\n",
      "  0.99999994 0.99999717 1.         0.99999408 0.99999979 0.99999928\n",
      "  0.99999823 0.99999979 0.99999918 0.99999993 0.99999992 0.99999979\n",
      "  0.99999979 0.99999979 0.99999724 0.99999942 0.99999979 0.99999943]\n",
      " [0.99999429 0.99999658 0.99999539 0.99999445 0.99999553 0.9999957\n",
      "  0.9999929  0.99999631 0.99999792 0.99999183 0.99999494 0.99999582\n",
      "  0.99999501 0.99999666 0.99999408 1.         0.99999582 0.99999627\n",
      "  0.99999827 0.99999582 0.99999756 0.99999417 0.99999358 0.99999578\n",
      "  0.99999582 0.99999582 0.99999899 0.99999671 0.99999582 0.99999274]\n",
      " [0.99999983 0.99999996 0.99999999 0.99999978 0.99999999 0.99999998\n",
      "  0.99999961 0.99999996 0.99999958 0.99999933 0.99999995 1.\n",
      "  0.99999991 0.99999818 0.99999979 0.99999582 1.         0.99999973\n",
      "  0.99999888 1.         0.99999974 0.99999986 0.99999976 1.\n",
      "  1.         1.         0.99999824 0.99999987 1.         0.99999926]\n",
      " [0.9999995  0.99999976 0.99999966 0.99999936 0.99999969 0.99999977\n",
      "  0.99999909 0.99999981 0.99999967 0.99999873 0.99999961 0.99999972\n",
      "  0.99999948 0.99999822 0.99999928 0.99999627 0.99999973 1.\n",
      "  0.99999862 0.99999972 0.99999968 0.99999944 0.99999929 0.99999972\n",
      "  0.99999973 0.99999973 0.99999791 0.99999964 0.99999973 0.99999862]\n",
      " [0.99999804 0.99999918 0.9999987  0.99999851 0.99999875 0.99999869\n",
      "  0.99999741 0.99999896 0.99999941 0.9999968  0.99999841 0.99999888\n",
      "  0.99999863 0.99999796 0.99999823 0.99999827 0.99999888 0.99999862\n",
      "  1.         0.99999888 0.99999941 0.99999809 0.99999778 0.99999884\n",
      "  0.99999888 0.99999888 0.9999995  0.99999907 0.99999888 0.99999716]\n",
      " [0.99999983 0.99999996 0.99999999 0.99999978 0.99999999 0.99999998\n",
      "  0.99999961 0.99999996 0.99999958 0.99999933 0.99999995 1.\n",
      "  0.99999991 0.99999818 0.99999979 0.99999582 1.         0.99999972\n",
      "  0.99999888 1.         0.99999974 0.99999986 0.99999976 1.\n",
      "  1.         1.         0.99999824 0.99999987 1.         0.99999926]\n",
      " [0.99999929 0.99999989 0.99999963 0.9999992  0.99999967 0.99999971\n",
      "  0.99999875 0.99999986 0.99999994 0.99999829 0.99999951 0.99999974\n",
      "  0.99999949 0.9999986  0.99999918 0.99999756 0.99999974 0.99999968\n",
      "  0.99999941 0.99999974 1.         0.99999925 0.99999903 0.99999973\n",
      "  0.99999974 0.99999974 0.99999908 0.99999988 0.99999974 0.99999831]\n",
      " [0.99999994 0.99999967 0.99999993 0.99999985 0.99999991 0.99999986\n",
      "  0.99999993 0.99999973 0.99999897 0.9999998  0.99999997 0.99999986\n",
      "  0.99999992 0.99999754 0.99999993 0.99999417 0.99999986 0.99999944\n",
      "  0.99999809 0.99999986 0.99999925 1.         0.99999998 0.99999987\n",
      "  0.99999986 0.99999986 0.99999723 0.99999955 0.99999986 0.99999954]\n",
      " [0.99999992 0.99999952 0.99999985 0.99999981 0.99999982 0.99999976\n",
      "  0.99999998 0.9999996  0.99999872 0.99999989 0.99999991 0.99999976\n",
      "  0.99999986 0.99999728 0.99999992 0.99999358 0.99999976 0.99999929\n",
      "  0.99999778 0.99999976 0.99999903 0.99999998 1.         0.99999977\n",
      "  0.99999976 0.99999976 0.99999684 0.99999939 0.99999976 0.99999957]\n",
      " [0.99999984 0.99999995 0.99999999 0.99999977 0.99999999 0.99999998\n",
      "  0.99999962 0.99999996 0.99999956 0.99999935 0.99999996 1.\n",
      "  0.99999991 0.99999816 0.99999979 0.99999578 1.         0.99999972\n",
      "  0.99999884 1.         0.99999973 0.99999987 0.99999977 1.\n",
      "  1.         1.         0.99999821 0.99999987 1.         0.99999926]\n",
      " [0.99999983 0.99999996 0.99999999 0.99999977 0.99999999 0.99999998\n",
      "  0.99999961 0.99999996 0.99999958 0.99999933 0.99999995 1.\n",
      "  0.99999991 0.99999818 0.99999979 0.99999582 1.         0.99999973\n",
      "  0.99999888 1.         0.99999974 0.99999986 0.99999976 1.\n",
      "  1.         1.         0.99999824 0.99999987 1.         0.99999926]\n",
      " [0.99999983 0.99999996 0.99999999 0.99999977 0.99999999 0.99999998\n",
      "  0.99999961 0.99999996 0.99999958 0.99999933 0.99999995 1.\n",
      "  0.99999991 0.99999819 0.99999979 0.99999582 1.         0.99999973\n",
      "  0.99999888 1.         0.99999974 0.99999986 0.99999976 1.\n",
      "  1.         1.         0.99999824 0.99999987 1.         0.99999926]\n",
      " [0.9999971  0.99999866 0.99999801 0.99999746 0.99999807 0.99999811\n",
      "  0.99999639 0.99999841 0.99999914 0.99999565 0.99999768 0.99999824\n",
      "  0.99999783 0.99999746 0.99999724 0.99999899 0.99999824 0.99999791\n",
      "  0.9999995  0.99999824 0.99999908 0.99999723 0.99999684 0.99999821\n",
      "  0.99999824 0.99999824 1.         0.99999868 0.99999824 0.99999652]\n",
      " [0.99999963 0.99999993 0.9999998  0.99999935 0.99999983 0.99999984\n",
      "  0.99999917 0.99999994 0.99999977 0.9999988  0.99999975 0.99999987\n",
      "  0.99999966 0.99999864 0.99999942 0.99999671 0.99999987 0.99999964\n",
      "  0.99999907 0.99999987 0.99999988 0.99999955 0.99999939 0.99999987\n",
      "  0.99999987 0.99999987 0.99999868 1.         0.99999987 0.99999877]\n",
      " [0.99999983 0.99999996 0.99999999 0.99999977 0.99999999 0.99999998\n",
      "  0.99999961 0.99999996 0.99999958 0.99999933 0.99999995 1.\n",
      "  0.99999991 0.99999819 0.99999979 0.99999582 1.         0.99999973\n",
      "  0.99999888 1.         0.99999974 0.99999986 0.99999976 1.\n",
      "  1.         1.         0.99999824 0.99999987 1.         0.99999926]\n",
      " [0.99999927 0.999999   0.99999938 0.99999944 0.99999933 0.99999929\n",
      "  0.99999957 0.99999899 0.9999981  0.99999951 0.99999942 0.99999926\n",
      "  0.99999933 0.99999607 0.99999943 0.99999274 0.99999926 0.99999862\n",
      "  0.99999716 0.99999926 0.99999831 0.99999954 0.99999957 0.99999926\n",
      "  0.99999926 0.99999926 0.99999652 0.99999877 0.99999926 1.        ]]\n"
     ]
    }
   ],
   "source": [
    "# Calculate similarity matrix\n",
    "similarity_matrix = cosine_similarity(combined_factors)\n",
    "print(similarity_matrix)\n"
   ]
  },
  {
   "cell_type": "code",
   "execution_count": 10,
   "id": "8882409e",
   "metadata": {},
   "outputs": [
    {
     "data": {
      "text/plain": [
       "[(10, 0.9999999449974507),\n",
       " (21, 0.9999999415814274),\n",
       " (22, 0.999999916829523),\n",
       " (2, 0.9999998760283137),\n",
       " (4, 0.9999998738177653)]"
      ]
     },
     "execution_count": 10,
     "metadata": {},
     "output_type": "execute_result"
    }
   ],
   "source": [
    "sorted(list(enumerate(similarity_matrix[0])), reverse= True, key= lambda x: x[1])[1:6]"
   ]
  },
  {
   "cell_type": "code",
   "execution_count": 11,
   "id": "42f664ef",
   "metadata": {},
   "outputs": [],
   "source": [
    "# Function to recommend courses for a given course ID\n",
    "def recommend_uni(uni):\n",
    "    uni_index= dataset[dataset['Uni Name']== uni].index[0]\n",
    "    distances= similarity_matrix[uni_index]\n",
    "    uni_list = sorted(list(enumerate(distances)), reverse= True, key= lambda x: x[1])[1:6]\n",
    "    c = 1\n",
    "    for i in uni_list:\n",
    "        print(f\"{c}) {dataset.iloc[i[0]]['Uni Name']}\")\n",
    "        c += 1"
   ]
  },
  {
   "cell_type": "code",
   "execution_count": 12,
   "id": "2de29130",
   "metadata": {},
   "outputs": [
    {
     "name": "stdout",
     "output_type": "stream",
     "text": [
      "The top 5 university recommendations are:\n",
      "\n",
      "\n",
      "1) University of Technology Sydney\n",
      "2) University of the Sunshine Coast\n",
      "3) Flinders University\n",
      "4) Avondale University\n",
      "5) Macquarie University\n"
     ]
    }
   ],
   "source": [
    "# Example usage: Recommend courses for any university\n",
    "print(\"The top 5 university recommendations are:\")\n",
    "print(\"\\n\")\n",
    "recommended_courses = recommend_uni('The Australian National University')\n"
   ]
  },
  {
   "cell_type": "code",
   "execution_count": 13,
   "id": "b54b9715",
   "metadata": {},
   "outputs": [],
   "source": [
    "# Test the model\n",
    "test_numeric_factors = numeric_svd.transform(test_data[numeric_vars])\n",
    "test_categorical_factors = one_hot_encoder.transform(test_data[categorical_vars])\n",
    "test_combined_factors = pd.concat([pd.DataFrame(test_numeric_factors), pd.DataFrame(test_categorical_factors)], axis=1)\n"
   ]
  },
  {
   "cell_type": "code",
   "execution_count": 14,
   "id": "47fa4e60",
   "metadata": {},
   "outputs": [],
   "source": [
    "# Calculate similarity matrix for test data\n",
    "test_similarity_matrix = cosine_similarity(test_combined_factors)"
   ]
  },
  {
   "cell_type": "code",
   "execution_count": 15,
   "id": "3b9f0508",
   "metadata": {},
   "outputs": [],
   "source": [
    "# Function to recommend courses for a given course ID\n",
    "def predict_uni(uni):\n",
    "    uni_index= dataset[dataset['Uni Name']== uni].index[0]\n",
    "    distances= test_similarity_matrix[uni_index]\n",
    "    uni_list = sorted(list(enumerate(distances)), reverse= True, key= lambda x: x[1])[1:6]\n",
    "    \n",
    "    c = 1\n",
    "    for i in uni_list:\n",
    "        print(f\"{c}) {dataset.iloc[i[0]]['Uni Name']}\")\n",
    "        c += 1"
   ]
  },
  {
   "cell_type": "code",
   "execution_count": 16,
   "id": "4825c29f",
   "metadata": {},
   "outputs": [
    {
     "name": "stdout",
     "output_type": "stream",
     "text": [
      "The top 5 university recommendations are:\n",
      "\n",
      "\n",
      "1) University of New England\n",
      "2) Avondale University\n",
      "3) University of New South Wales\n",
      "4) Macquarie University\n",
      "5) University of Canberra\n"
     ]
    }
   ],
   "source": [
    "print(\"The top 5 university recommendations are:\")\n",
    "print(\"\\n\")\n",
    "\n",
    "predicted_courses = predict_uni('The Australian National University')"
   ]
  },
  {
   "cell_type": "code",
   "execution_count": 17,
   "id": "c1d75d23",
   "metadata": {},
   "outputs": [],
   "source": [
    "# Now for the simple user-interface to showcase my project"
   ]
  },
  {
   "cell_type": "code",
   "execution_count": 18,
   "id": "1f160f41",
   "metadata": {},
   "outputs": [],
   "source": [
    "pickle.dump(dataset.to_dict(), open('dataset.pkl', 'wb'))"
   ]
  },
  {
   "cell_type": "code",
   "execution_count": 19,
   "id": "8fb64ebc",
   "metadata": {},
   "outputs": [],
   "source": [
    "pickle.dump(similarity_matrix, open('similarity.pkl', 'wb'))"
   ]
  },
  {
   "cell_type": "code",
   "execution_count": null,
   "id": "792f7e7a",
   "metadata": {},
   "outputs": [],
   "source": []
  }
 ],
 "metadata": {
  "kernelspec": {
   "display_name": "Python 3 (ipykernel)",
   "language": "python",
   "name": "python3"
  },
  "language_info": {
   "codemirror_mode": {
    "name": "ipython",
    "version": 3
   },
   "file_extension": ".py",
   "mimetype": "text/x-python",
   "name": "python",
   "nbconvert_exporter": "python",
   "pygments_lexer": "ipython3",
   "version": "3.9.13"
  }
 },
 "nbformat": 4,
 "nbformat_minor": 5
}
